0,1417,193,764,733,1106,869,1083,2374,420,810,391,387,2273,271,812,864,889,522,481,1010,729,616,0,559,1015,419,696,428,485,312,1402,297,916,1070,782,289,166,470,283,872,677,259,1664,229,329,477,376,329,472,256,192,486,651,201,447,615,176,794,276,110,873,495,258,243,62,287,409,233,564,687,179,704,1700,564,276,138,105,387,104,269,225,164,668,282,612,379,533,158,375,102,45,1057,379,377,319,404,1209,617,238,346,281,404,1738,276,460,171,0,207,284,196,255,0
1417,0,233,1005,989,2215,879,2231,3252,984,1079,625,452,2370,368,837,1215,1432,640,593,1405,940,811,0,703,1117,548,767,420,640,416,1802,309,1229,1781,1031,321,173,626,397,1302,921,369,2947,282,410,639,722,419,633,305,254,592,1054,271,740,918,240,1132,285,169,1020,742,292,287,46,737,597,238,890,811,305,1090,2114,736,390,165,94,494,132,416,297,182,768,329,670,469,653,237,453,132,59,2260,847,537,279,361,1444,531,262,403,318,448,2058,268,709,193,0,402,336,226,300,0
193,233,0,128,85,223,85,261,380,120,112,88,46,316,51,124,144,195,81,69,169,115,113,0,71,88,54,117,88,49,59,170,44,128,189,104,40,26,78,58,163,129,48,294,38,70,101,100,91,38,45,28,82,154,47,87,67,40,141,62,27,131,76,38,45,8,112,47,37,138,107,42,133,216,58,70,36,27,35,19,62,35,42,72,50,57,44,63,41,45,9,15,295,101,80,49,63,161,100,40,42,45,56,265,27,84,29,0,62,43,32,39,0
764,1005,128,0,566,1161,598,1199,1427,446,582,423,214,1555,268,490,559,934,407,345,760,646,430,0,417,629,322,525,307,331,237,1109,193,583,1109,507,188,100,354,201,729,603,194,1827,155,258,406,428,276,283,180,134,356,599,162,427,385,148,810,244,109,652,437,200,168,38,328,259,130,631,609,172,605,1161,385,228,146,79,189,68,293,166,110,387,198,360,232,308,148,210,71,33,1056,402,386,223,242,804,433,197,227,202,204,1252,226,375,102,0,224,162,106,161,0
733,989,85,566,0,1016,390,1329,1321,493,486,358,201,1353,172,461,557,984,383,199,648,376,393,0,298,270,162,503,277,175,123,818,233,534,756,386,107,85,260,131,807,598,185,1657,85,253,286,305,260,141,192,98,276,581,136,357,238,98,547,216,75,477,381,100,161,22,372,172,133,571,451,157,644,1101,282,197,95,72,114,70,281,152,91,248,160,207,127,280,122,96,43,24,1195,434,274,221,305,828,446,156,130,176,197,1279,132,371,69,0,234,107,61,99,0
1106,2215,223,1161,1016,0,1258,1737,3488,854,1050,589,461,2830,385,1045,1185,1552,714,1515,1602,816,852,0,724,1169,593,1087,703,685,402,1888,416,1196,1563,1030,318,257,639,417,2051,1082,380,2661,294,511,679,703,496,650,327,206,795,979,293,685,809,286,1447,384,153,1144,751,349,347,88,458,549,283,986,919,274,1023,2230,754,379,207,126,661,131,424,306,266,981,409,792,469,569,227,470,171,110,1636,1006,544,441,488,1562,826,341,422,351,559,2516,408,604,206,0,332,339,274,318,0
869,879,85,598,390,1258,0,1350,1745,581,649,453,281,1371,220,412,646,963,343,312,745,491,410,0,311,447,207,428,213,250,189,958,219,661,941,473,158,116,361,219,775,605,214,1702,116,265,384,417,271,201,133,127,318,635,159,396,299,131,643,198,86,513,442,140,171,32,419,245,156,495,436,179,700,1213,350,227,109,69,185,68,278,219,75,316,168,291,184,334,160,162,75,31,1297,510,327,192,310,859,347,171,171,186,226,1389,163,447,88,0,234,163,109,127,0
1083,2231,261,1199,1329,1737,1350,0,3906,757,1142,630,512,3362,362,1283,1344,1357,738,786,1542,1215,1053,0,818,1559,717,1253,777,796,485,2101,510,1358,1806,1245,414,267,756,548,1443,1030,403,2564,342,460,659,609,469,622,448,292,787,1030,350,635,830,278,1214,447,176,1438,764,379,393,80,568,724,337,903,1116,267,1275,2421,886,466,183,140,667,145,423,346,231,1113,455,898,601,881,216,593,159,70,1747,739,508,506,628,1905,843,365,512,380,732,2656,458,674,238,0,318,404,301,407,0
2374,3252,380,1427,1321,3488,1745,3906,0,1753,1317,927,609,4321,469,1795,1629,2488,1042,1197,1816,1212,1595,0,872,1835,659,1700,1070,909,560,2578,629,1664,1948,1545,446,380,776,588,3033,1705,418,4029,409,566,690,920,668,807,604,322,944,1977,450,887,1179,314,1446,546,217,1747,922,481,518,98,1276,982,459,1285,1421,382,1778,3148,1090,511,268,201,1136,191,604,488,307,1586,599,1249,707,1118,418,746,167,109,3674,1153,666,670,764,2812,1092,464,582,541,1131,4090,468,1114,375,0,597,547,396,492,0
420,984,120,446,493,854,581,757,1753,0,380,225,237,1395,140,567,568,533,295,373,581,432,490,0,347,632,245,536,330,330,180,873,200,551,539,477,171,116,243,183,803,435,154,924,146,187,235,185,187,277,199,113,338,451,162,242,381,100,438,192,67,631,273,140,182,29,242,343,154,372,449,102,493,1002,397,156,86,45,390,58,155,150,97,508,221,411,268,421,98,272,70,33,760,236,184,181,198,928,297,173,195,187,355,1199,174,295,137,0,115,184,153,172,0
810,1079,112,582,486,1050,649,1142,1317,380,0,349,133,1204,165,540,218,929,337,385,614,373,439,0,298,637,267,577,364,293,191,931,318,217,745,479,175,108,190,212,758,564,134,1531,167,142,246,348,230,295,205,103,359,580,169,299,429,135,552,210,82,631,344,146,152,38,364,284,150,501,524,163,312,451,330,149,106,59,243,93,263,144,121,464,191,413,246,354,149,226,82,30,1128,320,296,239,322,819,395,183,204,187,303,1415,181,222,131,0,217,174,112,169,0
391,625,88,423,358,589,453,630,927,225,349,0,135,923,137,360,336,474,279,247,458,384,287,0,271,391,197,358,188,223,167,626,173,361,604,351,144,85,221,162,385,321,167,904,103,157,279,235,172,196,134,93,230,357,136,228,278,99,419,165,67,437,255,139,110,23,182,186,129,346,348,136,356,632,287,159,86,59,170,51,168,100,111,288,149,231,172,242,82,178,47,41,596,236,212,164,191,504,283,148,160,127,159,805,154,204,73,0,129,124,74,107,0
387,452,46,214,201,461,281,512,609,237,133,135,0,515,70,213,106,411,153,178,250,139,206,0,113,241,98,233,138,126,71,435,91,122,353,174,58,58,89,80,341,253,57,679,67,87,113,140,105,115,66,53,146,320,69,134,182,66,256,82,33,271,146,53,87,17,182,113,65,209,229,73,187,243,155,63,45,26,129,27,103,75,53,176,73,166,101,154,62,124,32,10,515,135,118,98,106,358,157,75,89,85,136,607,94,125,43,0,90,70,51,71,0
2273,2370,316,1555,1353,2830,1371,3362,4321,1395,1204,923,515,0,450,1330,1363,2415,1006,842,1941,1224,1125,0,889,1547,736,1331,626,860,488,2649,488,1329,2420,1345,388,250,738,516,1974,1512,441,4427,382,605,756,929,607,668,412,301,985,1690,383,899,1016,335,1610,487,213,1574,989,412,427,88,1046,704,379,1306,1236,367,1520,2589,932,505,257,147,568,197,580,446,259,1051,451,946,550,907,343,558,179,93,3267,1029,819,465,572,2192,939,422,564,506,587,3805,616,954,255,0,567,417,277,354,0
271,368,51,268,172,385,220,362,469,140,165,137,70,450,0,187,184,292,163,127,233,187,177,0,154,227,143,193,115,133,102,389,87,153,320,167,88,44,128,110,286,220,80,543,78,92,131,149,132,88,92,43,133,207,68,155,156,59,223,88,48,248,152,80,63,16,145,93,68,232,199,71,211,282,138,80,61,43,92,31,99,49,50,176,83,140,83,133,64,66,33,20,422,133,136,105,99,258,156,83,97,82,122,476,79,113,41,0,115,69,47,58,0
812,837,124,490,461,1045,412,1283,1795,567,540,360,213,1330,187,0,763,755,354,336,722,492,444,0,361,523,255,409,273,264,175,898,197,665,757,569,168,95,345,240,847,568,200,1458,141,223,303,375,230,261,170,112,280,570,158,348,354,137,535,165,81,597,394,178,161,35,454,310,151,454,462,159,668,1179,396,200,113,66,304,66,227,162,86,370,226,321,244,324,150,236,53,51,1376,458,241,200,267,832,362,145,245,184,270,1199,148,400,124,0,227,180,122,159,0
864,1215,144,559,557,1185,646,1344,1629,568,218,336,106,1363,184,763,0,875,341,418,664,334,582,0,301,696,272,636,412,327,188,1175,229,210,763,560,182,144,146,269,1021,650,105,1463,168,114,254,357,190,329,234,89,358,786,207,336,453,131,550,209,97,793,356,185,213,45,492,362,206,468,589,151,346,471,417,144,101,71,385,90,265,136,121,572,261,471,321,469,154,310,72,46,1436,360,256,245,244,1014,421,203,248,236,453,1542,205,213,153,0,250,243,169,208,0
889,1432,195,934,984,1552,963,1357,2488,533,929,474,411,2415,292,755,875,0,526,590,1181,820,682,0,610,1054,507,726,440,567,389,1644,454,1013,1543,887,311,176,553,366,878,698,333,2183,245,391,535,478,381,518,261,200,605,771,281,494,821,204,1067,319,131,1065,579,294,292,65,387,459,216,669,761,239,895,1742,621,336,154,113,367,113,314,242,169,723,308,630,408,500,185,390,154,62,1238,479,473,305,702,1215,547,276,368,286,365,1956,313,538,161,0,238,321,189,268,0
522,640,81,407,383,714,343,738,1042,295,337,279,153,1006,163,354,341,526,0,254,486,349,330,0,265,405,209,360,193,226,175,704,168,373,616,377,124,68,222,170,443,383,157,1075,131,169,247,265,166,214,134,102,242,436,105,265,273,103,439,155,80,453,292,131,126,23,258,180,118,334,322,116,436,602,293,162,81,55,181,57,138,110,96,308,149,297,166,255,120,170,137,34,747,265,240,194,163,469,256,148,184,142,177,890,181,214,67,0,156,148,96,123,0
481,593,69,345,199,1515,312,786,1197,373,385,247,178,842,127,336,418,590,254,0,464,277,291,0,203,246,142,403,204,140,107,533,128,439,501,298,92,113,243,143,666,411,146,982,71,180,218,335,193,171,135,80,246,391,112,226,196,89,420,147,56,366,279,88,129,29,265,151,98,326,298,120,425,737,219,153,111,48,163,58,157,97,77,244,151,167,126,219,133,100,28,31,799,333,184,179,181,597,309,97,117,132,154,779,104,255,64,0,165,103,70,85,0
1010,1405,169,760,648,1602,745,1542,1816,581,614,458,250,1941,233,722,664,1181,486,464,0,596,596,0,400,829,380,744,375,425,274,1282,275,634,1061,664,195,142,314,276,1093,818,239,2037,198,264,378,473,321,356,249,168,479,825,169,436,522,175,788,260,112,821,490,209,226,51,497,402,218,668,643,176,741,1205,457,226,166,89,335,102,357,213,146,637,286,470,305,432,189,314,107,40,1599,480,363,295,324,1029,552,259,254,255,352,1958,277,475,128,0,259,214,153,229,0
729,940,115,646,376,816,491,1215,1212,432,373,384,139,1224,187,492,334,820,349,277,596,0,402,0,257,496,204,565,292,273,167,948,181,319,793,406,137,89,196,202,861,541,109,1451,134,194,281,342,241,210,158,107,282,566,130,335,329,114,566,182,87,577,377,149,149,32,496,219,140,505,510,134,457,615,277,152,111,69,231,67,229,117,107,403,192,287,189,342,138,200,54,38,1222,384,288,228,223,752,393,166,163,192,310,1432,183,290,103,0,221,144,106,154,0
616,811,113,430,393,852,410,1053,1595,490,439,287,206,1125,177,444,582,682,330,291,596,402,0,0,290,503,214,406,249,271,181,775,224,471,669,504,140,113,290,180,866,445,167,1229,147,228,290,311,205,229,139,125,290,478,164,319,278,140,433,179,87,546,339,152,153,37,352,252,134,432,374,138,561,929,332,179,95,60,322,52,180,127,102,367,180,321,239,300,164,236,50,42,999,395,219,182,269,734,336,151,187,156,268,1072,156,325,97,0,180,176,96,168,0
0,0,0,0,0,0,0,0,0,0,0,0,0,0,0,0,0,0,0,0,0,0,0,0,0,0,0,0,0,0,0,0,0,0,0,0,0,0,0,0,0,0,0,0,0,0,0,0,0,0,0,0,0,0,0,0,0,0,0,0,0,0,0,0,0,0,0,0,0,0,0,0,0,0,0,0,0,0,0,0,0,0,0,0,0,0,0,0,0,0,0,0,0,0,0,0,0,0,0,0,0,0,0,0,0,0,0,0,0,0,0,0,0
559,703,71,417,298,724,311,818,872,347,298,271,113,889,154,361,301,610,265,203,400,257,290,0,0,333,159,399,238,185,126,680,141,286,569,298,119,80,161,148,592,448,89,1039,99,147,263,253,193,124,139,71,247,425,94,213,240,86,388,175,58,409,257,112,95,24,310,150,117,401,355,113,377,531,202,117,74,48,145,48,191,97,87,259,140,208,142,245,109,116,39,32,812,239,218,156,146,543,322,125,138,146,174,954,124,228,58,0,181,108,64,94,0
1015,1117,88,629,270,1169,447,1559,1835,632,637,391,241,1547,227,523,696,1054,405,246,829,496,503,0,333,0,169,614,317,217,138,957,189,725,868,486,133,119,363,182,978,645,218,1821,104,278,341,438,310,178,220,104,330,754,141,396,309,129,675,221,88,574,417,113,202,19,522,182,172,617,531,181,763,1353,319,262,137,73,171,77,268,211,92,358,196,257,139,361,154,158,61,53,1541,452,322,227,342,1113,515,193,162,202,254,1623,153,485,89,0,256,172,110,114,0
419,548,54,322,162,593,207,717,659,245,267,197,98,736,143,255,272,507,209,142,380,204,214,0,159,169,0,310,153,115,80,496,106,267,456,220,65,52,177,93,427,369,126,889,68,131,224,197,161,94,84,79,147,329,65,220,111,60,368,122,37,264,199,60,74,22,217,86,71,471,288,114,299,538,147,98,74,48,77,41,153,72,47,146,88,95,70,144,60,59,25,25,622,190,187,118,111,404,248,97,88,101,100,734,69,197,37,0,139,75,54,53,0
696,767,117,525,503,1087,428,1253,1700,536,577,358,233,1331,193,409,636,726,360,403,744,565,406,0,399,614,310,0,207,299,206,963,169,638,831,590,153,91,351,237,547,525,207,1533,145,262,316,391,253,285,144,110,343,599,125,357,424,134,624,193,85,642,378,157,161,39,402,330,137,461,410,133,570,1111,395,213,97,68,259,66,181,153,114,438,193,403,262,316,128,256,68,39,1225,392,248,167,188,686,311,150,235,170,240,1269,163,399,103,0,221,185,125,166,0
428,420,88,307,277,703,213,777,1070,330,364,188,138,626,115,273,412,440,193,204,375,292,249,0,238,317,153,207,0,205,119,510,158,341,475,291,111,66,204,131,378,273,125,799,98,153,180,250,136,187,92,80,176,350,74,219,192,83,293,101,58,356,252,96,80,18,275,209,79,237,230,105,373,655,251,157,66,42,186,43,136,95,57,251,108,211,165,207,103,169,54,31,765,325,149,83,144,383,155,89,136,103,166,673,78,276,74,0,147,119,94,85,0
485,640,49,331,175,685,250,796,909,330,293,223,126,860,133,264,327,567,226,140,425,273,271,0,185,217,115,299,205,0,101,528,127,339,551,271,79,88,212,117,923,415,116,880,81,151,227,239,184,109,125,68,199,411,103,240,183,76,350,116,58,307,240,79,113,15,260,97,94,325,266,96,368,674,191,121,71,57,88,46,151,88,78,209,130,119,89,177,101,84,40,26,780,270,170,126,168,559,248,94,118,110,162,791,83,247,61,0,164,101,42,62,0
312,416,59,237,123,402,189,485,560,180,191,167,71,488,102,175,188,389,175,107,274,167,181,0,126,138,80,206,119,101,0,345,99,210,346,166,57,60,122,78,481,272,83,610,45,90,168,155,132,69,82,61,139,247,61,157,119,62,261,126,40,197,137,71,67,10,158,84,68,224,191,66,287,380,115,94,55,42,65,26,113,69,49,113,69,76,68,135,61,62,17,24,474,179,108,104,141,334,184,77,68,86,90,517,79,155,42,0,93,52,40,57,0
1402,1802,170,1109,818,1888,958,2101,2578,873,931,626,435,2649,389,898,1175,1644,704,533,1282,948,775,0,680,957,496,963,510,528,345,0,354,1177,1731,961,289,182,544,343,1290,1083,365,2960,245,442,644,681,485,393,270,197,583,1303,320,568,670,236,1231,370,147,706,630,268,289,46,650,415,261,990,959,262,1112,2023,596,395,201,127,407,149,482,307,187,725,329,622,397,515,226,346,112,59,2069,747,607,418,436,1569,706,313,350,349,414,2215,351,683,169,0,377,311,196,232,0
297,309,44,193,233,416,219,510,629,200,318,173,91,488,87,197,229,454,168,128,275,181,224,0,141,189,106,169,158,127,99,354,0,253,314,188,77,55,147,92,348,213,84,578,64,93,120,162,144,85,64,49,113,198,93,138,142,32,211,87,43,179,153,66,68,7,176,99,58,203,181,79,263,531,144,88,55,40,78,36,110,65,49,131,84,97,71,129,79,64,19,13,520,175,124,103,200,353,188,80,69,67,118,352,63,164,33,0,93,81,45,59,0
916,1229,128,583,534,1196,661,1358,1664,551,217,361,122,1329,153,665,210,1013,373,439,634,319,471,0,286,725,267,638,341,339,210,1177,253,0,732,538,175,150,165,241,1029,669,135,1625,170,136,269,360,221,332,213,94,390,735,181,368,469,145,582,213,101,756,402,182,203,39,418,346,168,513,575,127,323,452,389,139,110,67,297,86,270,149,118,525,220,488,275,371,127,277,94,52,1371,363,319,250,257,917,411,182,233,187,317,1552,196,253,133,0,257,216,158,213,0
1070,1781,189,1109,756,1563,941,1806,1948,539,745,604,353,2420,320,757,763,1543,616,501,1061,793,669,0,569,868,456,831,475,551,346,1731,314,732,0,790,334,149,412,319,1274,1027,305,2822,231,302,546,515,459,355,277,168,572,1017,209,493,691,217,1224,365,126,965,551,260,252,64,494,370,271,925,941,229,891,1450,525,301,175,131,297,116,469,233,182,722,324,504,333,494,176,291,109,55,1587,453,628,368,358,1147,810,328,323,343,372,2301,370,501,148,0,295,249,156,243,0
782,1031,104,507,386,1030,473,1245,1545,477,479,351,174,1345,167,569,560,887,377,298,664,406,504,0,298,486,220,590,291,271,166,961,188,538,790,0,132,114,296,190,834,602,175,1509,134,215,302,343,242,208,202,108,328,628,139,338,334,115,593,192,100,593,356,140,157,29,435,269,199,513,519,157,635,914,335,220,125,87,215,72,245,124,101,440,198,284,195,333,142,189,49,33,1253,410,270,244,225,818,392,164,173,181,292,1350,173,381,88,0,211,157,100,126,0
289,321,40,188,107,318,158,414,446,171,175,144,58,388,88,168,182,311,124,92,195,137,140,0,119,133,65,153,111,79,57,289,77,175,334,132,0,44,121,72,284,206,67,457,41,67,111,141,111,54,79,48,117,213,46,134,108,49,209,71,44,166,127,52,53,13,156,67,58,161,169,70,213,286,113,79,47,39,61,28,93,51,48,114,86,58,66,114,49,55,16,24,377,152,97,68,123,273,132,68,55,71,95,404,52,145,26,0,95,53,37,46,0
166,173,26,100,85,257,116,267,380,116,108,85,58,250,44,95,144,176,68,113,142,89,113,0,80,119,52,91,66,88,60,182,55,150,149,114,44,0,84,55,175,123,42,282,31,57,95,113,64,67,40,33,91,125,38,73,69,28,143,38,26,131,99,35,50,16,98,64,35,100,87,39,151,248,94,58,53,20,73,25,50,42,35,97,41,81,50,90,46,66,20,13,262,100,59,48,60,190,79,37,53,51,60,225,33,84,21,0,56,67,43,58,0
470,626,78,354,260,639,361,756,776,243,190,221,89,738,128,345,146,553,222,243,314,196,290,0,161,363,177,351,204,212,122,544,147,165,412,296,121,84,0,140,610,400,88,879,89,103,176,223,144,174,128,49,248,391,113,226,225,96,357,146,71,416,243,105,103,23,243,151,117,317,333,99,283,322,234,88,76,64,155,50,190,87,85,293,138,235,155,217,95,125,48,29,697,212,165,143,149,488,273,112,127,115,207,822,112,164,84,0,150,104,85,100,0
283,397,58,201,131,417,219,548,588,183,212,162,80,516,110,240,269,366,170,143,276,202,180,0,148,182,93,237,131,117,78,343,92,241,319,190,72,55,140,0,364,266,93,590,60,75,175,180,122,89,99,57,169,261,75,163,129,67,229,84,58,233,167,57,78,18,225,110,72,210,211,91,285,369,158,110,61,42,88,36,101,64,65,170,114,116,81,164,77,59,20,17,493,177,130,120,117,345,162,88,71,80,108,477,56,177,39,0,101,61,53,69,0
872,1302,163,729,807,2051,775,1443,3033,803,758,385,341,1974,286,847,1021,878,443,666,1093,861,866,0,592,978,427,547,378,923,481,1290,348,1029,1274,834,284,175,610,364,0,615,361,1596,242,366,490,612,306,446,211,202,544,710,208,627,595,197,802,275,93,986,494,319,248,52,429,753,206,543,598,272,814,2223,667,321,141,79,559,87,239,222,170,823,294,659,474,561,160,441,98,58,1358,673,337,266,302,1207,409,225,522,234,964,1627,244,563,201,0,347,487,203,261,0
677,921,129,603,598,1082,605,1030,1705,435,564,321,253,1512,220,568,650,698,383,411,818,541,445,0,448,645,369,525,273,415,272,1083,213,669,1027,602,206,123,400,266,615,0,223,1483,166,262,388,364,277,329,187,138,390,482,167,457,518,175,641,218,87,673,403,195,178,50,300,338,163,479,477,150,613,1221,453,239,123,96,286,77,211,162,142,478,190,428,298,378,133,243,93,48,1061,364,330,189,245,835,397,183,238,229,275,1077,230,400,115,0,192,232,135,183,0
259,369,48,194,185,380,214,403,418,154,134,167,57,441,80,200,105,333,157,146,239,109,167,0,89,218,126,207,125,116,83,365,84,135,305,175,67,42,88,93,361,223,0,527,64,63,102,132,88,94,91,55,129,217,67,145,163,52,183,94,42,228,154,81,85,14,150,106,82,211,195,77,152,194,109,53,62,43,78,33,116,56,42,166,94,106,93,141,65,91,33,18,452,151,113,98,75,254,169,73,74,99,130,464,65,101,34,0,106,75,46,67,0
1664,2947,294,1827,1657,2661,1702,2564,4029,924,1531,904,679,4427,543,1458,1463,2183,1075,982,2037,1451,1229,0,1039,1821,889,1533,799,880,610,2960,578,1625,2822,1509,457,282,879,590,1596,1483,527,0,411,644,1002,832,638,854,466,314,1031,1498,412,911,1512,380,2071,621,249,1799,960,500,482,96,624,818,388,1479,1556,398,1501,3005,1034,554,307,174,593,183,639,474,324,1341,485,1106,653,857,343,613,226,111,2451,785,842,617,767,2139,1148,512,659,536,668,3822,590,876,254,0,466,500,320,452,0
229,282,38,155,85,294,116,342,409,146,167,103,67,382,78,141,168,245,131,71,198,134,147,0,99,104,68,145,98,81,45,245,64,170,231,134,41,31,89,60,242,166,64,411,0,90,106,127,76,65,69,51,110,165,37,125,81,36,174,85,43,159,137,61,51,22,108,66,33,153,139,63,196,263,89,53,52,36,59,28,96,42,51,92,77,76,51,114,53,48,19,17,354,113,105,75,70,233,133,50,54,66,87,403,46,94,35,0,76,49,25,39,0
329,410,70,258,253,511,265,460,566,187,142,157,87,605,92,223,114,391,169,180,264,194,228,0,147,278,131,262,153,151,90,442,93,136,302,215,67,57,103,75,366,262,63,644,90,0,129,151,105,137,79,59,169,300,52,175,217,75,243,87,39,286,188,70,102,17,149,118,80,225,223,65,184,241,176,77,63,34,119,34,122,69,64,220,102,173,115,180,70,110,44,14,487,135,151,127,97,354,187,79,100,110,126,580,93,137,51,0,107,89,63,83,0
477,639,101,406,286,679,384,659,690,235,246,279,113,756,131,303,254,535,247,218,378,281,290,0,263,341,224,316,180,227,168,644,120,269,546,302,111,95,176,175,490,388,102,1002,106,129,0,265,156,189,138,52,196,344,85,250,264,97,394,129,67,390,251,124,95,28,208,153,138,375,358,114,317,415,222,121,101,53,136,68,187,90,76,278,125,204,161,221,115,108,49,28,628,216,225,143,127,461,304,159,146,145,161,735,117,196,55,0,144,130,63,98,0
376,722,100,428,305,703,417,609,920,185,348,235,140,929,149,375,357,478,265,335,473,342,311,0,253,438,197,391,250,239,155,681,162,360,515,343,141,113,223,180,612,364,132,832,127,151,265,0,186,182,152,88,261,364,114,224,267,112,425,176,80,424,251,135,128,40,163,216,119,378,341,114,415,617,252,147,104,56,336,43,170,89,110,353,149,223,172,265,99,155,50,35,572,217,207,182,181,555,283,145,130,162,205,838,144,214,77,0,124,124,88,115,0
329,419,91,276,260,496,271,469,668,187,230,172,105,607,132,230,190,381,166,193,321,241,205,0,193,310,161,253,136,184,132,485,144,221,459,242,111,64,144,122,306,277,88,638,76,105,156,186,0,125,89,56,180,267,79,192,204,76,304,113,61,336,214,112,79,27,150,151,100,225,236,95,197,385,226,105,61,35,133,50,121,61,66,243,97,167,116,163,78,124,46,24,526,188,173,115,114,315,165,101,116,99,149,557,115,150,51,0,121,86,57,101,0
472,633,38,283,141,650,201,622,807,277,295,196,115,668,88,261,329,518,214,171,356,210,229,0,124,178,94,285,187,109,69,393,85,332,355,208,54,67,174,89,446,329,94,854,65,137,189,182,125,0,88,65,176,326,72,175,145,63,1044,108,58,258,207,70,118,24,231,100,72,272,231,92,382,647,137,140,75,46,63,39,120,107,39,165,111,117,65,166,78,61,37,22,685,241,140,117,139,528,239,74,71,96,137,706,84,216,42,0,131,70,41,55,0
256,305,45,180,192,327,133,448,604,199,205,134,66,412,92,170,234,261,134,135,249,158,139,0,139,220,84,144,92,125,82,270,64,213,277,202,79,40,128,99,211,187,91,466,69,79,138,152,89,88,0,58,134,230,50,139,134,55,179,81,41,204,129,52,59,19,163,126,48,156,130,65,247,343,160,88,57,29,116,25,89,45,43,156,70,114,90,130,53,82,29,27,400,186,99,73,80,230,107,56,106,82,101,444,73,134,36,0,88,71,55,67,0
192,254,28,134,98,206,127,292,322,113,103,93,53,301,43,112,89,200,102,80,168,107,125,0,71,104,79,110,80,68,61,197,49,94,168,108,48,33,49,57,202,138,55,314,51,59,52,88,56,65,58,0,92,183,50,93,81,44,125,73,34,144,106,55,45,16,90,68,52,147,127,46,122,179,75,50,38,36,54,27,66,32,39,92,57,74,62,79,35,50,16,21,307,104,74,56,57,177,112,45,56,51,82,313,41,84,19,0,64,50,49,41,0
486,592,82,356,276,795,318,787,944,338,359,230,146,985,133,280,358,605,242,246,479,282,290,0,247,330,147,343,176,199,139,583,113,390,572,328,117,91,248,169,544,390,129,1031,110,169,196,261,180,176,134,92,0,345,109,282,221,88,400,140,82,349,243,118,105,26,246,162,81,330,357,116,467,835,205,139,90,52,148,55,180,111,71,239,120,199,116,209,99,112,58,30,738,281,198,154,190,554,246,97,136,118,133,722,129,286,62,0,136,111,79,107,0
651,1054,154,599,581,979,635,1030,1977,451,580,357,320,1690,207,570,786,771,436,391,825,566,478,0,425,754,329,599,350,411,247,1303,198,735,1017,628,213,125,391,261,710,482,217,1498,165,300,344,364,267,326,230,183,345,0,195,420,494,142,699,273,106,772,411,196,228,33,333,338,160,514,1066,174,633,1254,391,235,106,65,262,69,236,167,119,546,217,468,294,458,139,281,96,43,1070,356,304,241,275,974,426,207,275,204,289,1140,199,412,106,0,207,210,143,179,0
201,271,47,162,136,293,159,350,450,162,169,136,69,383,68,158,207,281,105,112,169,130,164,0,94,141,65,125,74,103,61,320,93,181,209,139,46,38,113,75,208,167,67,412,37,52,85,114,79,72,50,50,109,195,0,103,100,37,171,73,33,194,110,53,52,12,106,79,45,150,136,68,216,371,107,76,43,25,73,20,72,52,31,160,83,100,99,87,58,70,28,17,347,146,92,65,89,207,98,37,62,57,96,376,47,115,46,0,93,59,53,60,0
447,740,87,427,357,685,396,635,887,242,299,228,134,899,155,348,336,494,265,226,436,335,319,0,213,396,220,357,219,240,157,568,138,368,493,338,134,73,226,163,627,457,145,911,125,175,250,224,192,175,139,93,282,420,103,0,310,125,383,159,64,376,231,134,114,28,219,182,107,380,394,109,432,637,263,122,96,62,150,56,179,94,86,321,146,217,177,228,109,137,57,40,687,248,219,165,158,471,278,137,145,152,178,922,139,220,72,0,144,122,91,98,0
615,918,67,385,238,809,299,830,1179,381,429,278,182,1016,156,354,453,821,273,196,522,329,278,0,240,309,111,424,192,183,119,670,142,469,691,334,108,69,225,129,595,518,163,1512,81,217,264,267,204,145,134,81,221,494,100,310,0,78,577,137,74,384,315,96,144,23,311,136,112,431,361,131,528,835,254,189,75,64,118,55,192,137,60,212,122,179,114,227,111,112,47,24,1008,332,234,182,202,619,335,138,151,151,153,1125,111,295,54,0,179,118,61,86,0
176,240,40,148,98,286,131,278,314,100,135,99,66,335,59,137,131,204,103,89,175,114,140,0,86,129,60,134,83,76,62,236,32,145,217,115,49,28,96,67,197,175,52,380,36,75,97,112,76,63,55,44,88,142,37,125,78,0,169,76,35,152,116,54,49,12,86,59,29,167,127,65,144,215,100,59,32,22,50,27,68,37,29,94,51,75,56,89,47,43,13,25,275,105,93,65,80,158,109,66,47,58,50,275,43,100,28,0,54,47,31,36,0
794,1132,141,810,547,1447,643,1214,1446,438,552,419,256,1610,223,535,550,1067,439,420,788,566,433,0,388,675,368,624,293,350,261,1231,211,582,1224,593,209,143,357,229,802,641,183,2071,174,243,394,425,304,1044,179,125,400,699,171,383,577,169,0,270,121,717,460,207,205,41,348,275,140,662,626,200,640,970,379,245,129,82,226,75,305,192,128,473,216,381,226,333,117,225,147,46,1174,363,444,230,252,842,431,242,225,269,283,1437,252,377,91,0,239,185,230,177,0
276,285,62,244,216,384,198,447,546,192,210,165,82,487,88,165,209,319,155,147,260,182,179,0,175,221,122,193,101,116,126,370,87,213,365,192,71,38,146,84,275,218,94,621,85,87,129,176,113,108,81,73,140,273,73,159,137,76,270,0,58,235,188,73,75,14,163,102,54,225,205,83,234,380,144,103,77,40,99,26,126,42,48,146,86,140,94,162,52,83,39,26,404,153,147,97,90,259,153,92,95,99,86,435,91,132,39,0,101,70,49,71,0
110,169,27,109,75,153,86,176,217,67,82,67,33,213,48,81,97,131,80,56,112,87,87,0,58,88,37,85,58,58,40,147,43,101,126,100,44,26,71,58,93,87,42,249,43,39,67,80,61,58,41,34,82,106,33,64,74,35,121,58,0,112,86,36,35,17,64,48,45,96,75,46,96,134,48,46,43,22,36,26,62,24,24,56,44,51,41,60,50,39,20,17,168,68,58,58,52,121,58,38,52,44,38,214,36,66,15,0,63,31,28,36,0
873,1020,131,652,477,1144,513,1438,1747,631,631,437,271,1574,248,597,793,1065,453,366,821,577,546,0,409,574,264,642,356,307,197,706,179,756,965,593,166,131,416,233,986,673,228,1799,159,286,390,424,336,258,204,144,349,772,194,376,384,152,717,235,112,0,455,194,219,44,492,301,207,599,624,194,751,1402,380,266,119,77,243,107,287,148,124,405,209,344,248,375,156,206,59,47,1486,516,354,252,296,1088,449,186,219,182,288,1557,172,488,121,0,267,202,124,164,0
495,742,76,437,381,751,442,764,922,273,344,255,146,989,152,394,356,579,292,279,490,377,339,0,257,417,199,378,252,240,137,630,153,402,551,356,127,99,243,167,494,403,154,960,137,188,251,251,214,207,129,106,243,411,110,231,315,116,460,188,86,455,0,137,122,36,244,234,111,370,402,149,438,676,268,148,116,67,155,59,193,94,95,341,157,281,174,283,97,155,59,31,659,237,243,176,164,537,300,146,169,167,187,893,142,233,71,0,156,119,96,139,0
258,292,38,200,100,349,140,379,481,140,146,139,53,412,80,178,185,294,131,88,209,149,152,0,112,113,60,157,96,79,71,268,66,182,260,140,52,35,105,57,319,195,81,500,61,70,124,135,112,70,52,55,118,196,53,134,96,54,207,73,36,194,137,0,59,15,148,73,53,195,165,80,198,318,116,84,40,32,56,24,84,48,36,110,66,69,60,134,59,47,17,10,401,137,94,83,105,280,137,57,50,70,82,384,44,117,29,0,88,49,38,38,0
243,287,45,168,161,347,171,393,518,182,152,110,87,427,63,161,213,292,126,129,226,149,153,0,95,202,74,161,80,113,67,289,68,203,252,157,53,50,103,78,248,178,85,482,51,102,95,128,79,118,59,45,105,228,52,114,144,49,205,75,35,219,122,59,0,14,137,97,46,163,130,74,258,405,120,82,29,26,74,24,82,61,43,163,59,134,102,116,60,72,29,16,428,153,98,73,88,236,116,53,82,57,92,375,88,139,48,0,71,58,59,58,0
62,46,8,38,22,88,32,80,98,29,38,23,17,88,16,35,45,65,23,29,51,32,37,0,24,19,22,39,18,15,10,46,7,39,64,29,13,16,23,18,52,50,14,96,22,17,28,40,27,24,19,16,26,33,12,28,23,12,41,14,17,44,36,15,14,0,22,21,16,39,35,16,49,76,20,19,10,4,13,6,21,14,10,23,16,23,13,21,20,14,3,11,84,29,14,17,19,50,28,19,8,20,15,83,18,38,5,0,18,11,9,8,0
287,737,112,328,372,458,419,568,1276,242,364,182,182,1046,145,454,492,387,258,265,497,496,352,0,310,522,217,402,275,260,158,650,176,418,494,435,156,98,243,225,429,300,150,624,108,149,208,163,150,231,163,90,246,333,106,219,311,86,348,163,64,492,244,148,137,22,0,233,141,233,414,99,343,736,308,133,72,56,215,46,123,88,98,358,178,296,214,321,78,209,55,23,544,182,155,159,211,598,286,151,168,136,247,840,158,218,86,0,114,167,92,136,0
409,597,47,259,172,549,245,724,982,343,284,186,113,704,93,310,362,459,180,151,402,219,252,0,150,182,86,330,209,97,84,415,99,346,370,269,67,64,151,110,753,338,106,818,66,118,153,216,151,100,126,68,162,338,79,182,136,59,275,102,48,301,234,73,97,21,233,0,83,260,246,74,439,677,151,111,58,36,105,41,143,104,39,217,101,128,89,193,69,89,38,14,737,260,136,124,165,534,196,77,107,99,182,769,95,215,45,0,112,81,57,59,0
233,238,37,130,133,283,156,337,459,154,150,129,65,379,68,151,206,216,118,98,218,140,134,0,117,172,71,137,79,94,68,261,58,168,271,199,58,35,117,72,206,163,82,388,33,80,138,119,100,72,48,52,81,160,45,107,112,29,140,54,45,207,111,53,46,16,141,83,0,162,131,49,193,270,125,77,28,23,94,22,70,44,41,127,54,111,76,122,49,74,21,13,359,138,82,54,77,252,103,48,75,71,61,307,59,107,38,0,72,59,37,54,0
564,890,138,631,571,986,495,903,1285,372,501,346,209,1306,232,454,468,669,334,326,668,505,432,0,401,617,471,461,237,325,224,990,203,513,925,513,161,100,317,210,543,479,211,1479,153,225,375,378,225,272,156,147,330,514,150,380,431,167,662,225,96,599,370,195,163,39,233,260,162,0,464,154,545,924,321,217,121,70,195,68,235,138,124,416,163,355,239,361,125,199,112,36,911,301,357,201,182,645,335,179,242,203,238,1145,184,361,84,0,222,158,130,145,0
687,811,107,609,451,919,436,1116,1421,449,524,348,229,1236,199,462,589,761,322,298,643,510,374,0,355,531,288,410,230,266,191,959,181,575,941,519,169,87,333,211,598,477,195,1556,139,223,358,341,236,231,130,127,357,1066,136,394,361,127,626,205,75,624,402,165,130,35,414,246,131,464,0,167,610,1082,342,207,107,71,209,74,220,129,103,360,181,313,190,318,122,208,67,40,1068,376,317,170,207,701,361,158,180,174,217,1184,155,336,69,0,207,147,114,129,0
179,305,42,172,157,274,179,267,382,102,163,136,73,367,71,159,151,239,116,120,176,134,138,0,113,181,114,133,105,96,66,262,79,127,229,157,70,39,99,91,272,150,77,398,63,65,114,114,95,92,65,46,116,174,68,109,131,65,200,83,46,194,149,80,74,16,99,74,49,154,167,0,172,265,121,68,58,37,60,25,72,48,53,123,77,112,94,114,46,59,29,20,273,97,91,98,93,187,137,72,83,71,105,355,61,108,33,0,67,63,34,53,0
704,1090,133,605,644,1023,700,1275,1778,493,312,356,187,1520,211,668,346,895,436,425,741,457,561,0,377,763,299,570,373,368,287,1112,263,323,891,635,213,151,283,285,814,613,152,1501,196,184,317,415,197,382,247,122,467,633,216,432,528,144,640,234,96,751,438,198,258,49,343,439,193,545,610,172,0,659,478,182,107,59,357,83,237,191,136,562,261,473,261,448,131,318,84,55,1284,324,292,268,257,926,436,197,277,215,343,1465,242,302,143,0,226,219,177,221,0
1700,2114,216,1161,1101,2230,1213,2421,3148,1002,451,632,243,2589,282,1179,471,1742,602,737,1205,615,929,0,531,1353,538,1111,655,674,380,2023,531,452,1450,914,286,248,322,369,2223,1221,194,3005,263,241,415,617,385,647,343,179,835,1254,371,637,835,215,970,380,134,1402,676,318,405,76,736,677,270,924,1082,265,659,0,704,259,194,107,642,141,424,329,210,1013,380,873,534,688,252,553,151,59,2600,606,500,390,505,1737,752,380,405,377,650,3187,417,517,288,0,420,413,262,312,0
564,736,58,385,282,754,350,886,1090,397,330,287,155,932,138,396,417,621,293,219,457,277,332,0,202,319,147,395,251,191,115,596,144,389,525,335,113,94,234,158,667,453,109,1034,89,176,222,252,226,137,160,75,205,391,107,263,254,100,379,144,48,380,268,116,120,20,308,151,125,321,342,121,478,704,0,175,75,58,148,62,168,133,68,309,157,184,133,271,120,137,36,25,970,325,197,192,192,676,287,112,114,128,202,960,102,291,66,0,166,121,88,99,0
276,390,70,228,197,379,227,466,511,156,149,159,63,505,80,200,144,336,162,153,226,152,179,0,117,262,98,213,157,121,94,395,88,139,301,220,79,58,88,110,321,239,53,554,53,77,121,147,105,140,88,50,139,235,76,122,189,59,245,103,46,266,148,84,82,19,133,111,77,217,207,68,182,259,175,0,55,49,86,38,101,56,67,201,92,146,92,125,59,99,41,23,457,139,133,100,99,269,186,75,92,93,124,499,67,103,43,0,102,74,66,69,0
138,165,36,146,95,207,109,183,268,86,106,86,45,257,61,113,101,154,81,111,166,111,95,0,74,137,74,97,66,71,55,201,55,110,175,125,47,53,76,61,141,123,62,307,52,63,101,104,61,75,57,38,90,106,43,96,75,32,129,77,43,119,116,40,29,10,72,58,28,121,107,58,107,194,75,55,0,28,34,16,66,49,45,83,52,63,57,76,53,53,20,24,205,93,79,57,50,146,90,50,74,73,41,233,36,79,25,0,59,44,31,31,0
105,94,27,79,72,126,69,140,201,45,59,59,26,147,43,66,71,113,55,48,89,69,60,0,48,73,48,68,42,57,42,127,40,67,131,87,39,20,64,42,79,96,43,174,36,34,53,56,35,46,29,36,52,65,25,62,64,22,82,40,22,77,67,32,26,4,56,36,23,70,71,37,59,107,58,49,28,0,33,13,39,24,25,50,28,51,51,57,28,29,13,12,135,60,40,34,45,77,60,44,37,33,39,161,19,49,14,0,38,15,31,27,0
387,494,35,189,114,661,185,667,1136,390,243,170,129,568,92,304,385,367,181,163,335,231,322,0,145,171,77,259,186,88,65,407,78,297,297,215,61,73,155,88,559,286,78,593,59,119,136,336,133,63,116,54,148,262,73,150,118,50,226,99,36,243,155,56,74,13,215,105,94,195,209,60,357,642,148,86,34,33,0,43,119,88,40,190,89,123,86,203,114,83,46,11,611,255,106,106,131,527,150,68,69,59,176,523,64,188,56,0,176,73,52,62,0
104,132,19,68,70,131,68,145,191,58,93,51,27,197,31,66,90,113,57,58,102,67,52,0,48,77,41,66,43,46,26,149,36,86,116,72,28,25,50,36,87,77,33,183,28,34,68,43,50,39,25,27,55,69,20,56,55,27,75,26,26,107,59,24,24,6,46,41,22,68,74,25,83,141,62,38,16,13,43,0,37,30,20,63,27,55,47,40,18,39,11,4,154,54,60,31,32,118,61,25,32,36,27,129,32,56,13,0,27,16,29,26,0
269,416,62,293,281,424,278,423,604,155,263,168,103,580,99,227,265,314,138,157,357,229,180,0,191,268,153,181,136,151,113,482,110,270,469,245,93,50,190,101,239,211,116,639,96,122,187,170,121,120,89,66,180,236,72,179,192,68,305,126,62,287,193,84,82,21,123,143,70,235,220,72,237,424,168,101,66,39,119,37,0,57,67,186,103,155,106,153,68,86,53,18,406,154,170,104,106,291,178,93,118,105,104,479,116,126,39,0,100,84,67,78,0
225,297,35,166,152,306,219,346,488,150,144,100,75,446,49,162,136,242,110,97,213,117,127,0,97,211,72,153,95,88,69,307,65,149,233,124,51,42,87,64,222,162,56,474,42,69,90,89,61,107,45,32,111,167,52,94,137,37,192,42,24,148,94,48,61,14,88,104,44,138,129,48,191,329,133,56,49,24,88,30,57,0,37,123,45,129,59,96,51,89,28,13,304,103,98,42,85,264,107,56,60,59,61,363,82,111,52,0,71,64,45,48,0
164,182,42,110,91,266,75,231,307,97,121,111,53,259,50,86,121,169,96,77,146,107,102,0,87,92,47,114,57,78,49,187,49,118,182,101,48,35,85,65,170,142,42,324,51,64,76,110,66,39,43,39,71,119,31,86,60,29,128,48,24,124,95,36,43,10,98,39,41,124,103,53,136,210,68,67,45,25,40,20,67,37,0,69,40,64,42,82,36,26,11,15,254,113,70,67,65,186,92,46,34,51,40,272,43,99,15,0,55,34,20,27,0
668,768,72,387,248,981,316,1113,1586,508,464,288,176,1051,176,370,572,723,308,244,637,403,367,0,259,358,146,438,251,209,113,725,131,525,722,440,114,97,293,170,823,478,166,1341,92,220,278,353,243,165,156,92,239,546,160,321,212,94,473,146,56,405,341,110,163,23,358,217,127,416,360,123,562,1013,309,201,83,50,190,63,186,123,69,0,140,226,131,267,130,151,45,29,1150,477,225,171,218,843,327,144,119,130,230,1042,114,321,81,0,196,147,85,104,0
282,329,50,198,160,409,168,455,599,221,191,149,73,451,83,226,261,308,149,151,286,192,180,0,140,196,88,193,108,130,69,329,84,220,324,198,86,41,138,114,294,190,94,485,77,102,125,149,97,111,70,57,120,217,83,146,122,51,216,86,44,209,157,66,59,16,178,101,54,163,181,77,261,380,157,92,52,28,89,27,103,45,40,140,0,120,99,160,67,80,30,17,469,198,94,90,103,304,116,69,85,76,89,400,53,160,31,0,97,70,59,47,0
612,670,57,360,207,792,291,898,1249,411,413,231,166,946,140,321,471,630,297,167,470,287,321,0,208,257,95,403,211,119,76,622,97,488,504,284,58,81,235,116,659,428,106,1106,76,173,204,223,167,117,114,74,199,468,100,217,179,75,381,140,51,344,281,69,134,23,296,128,111,355,313,112,473,873,184,146,63,51,123,55,155,129,64,226,120,0,96,216,106,114,52,24,938,321,169,157,217,676,284,127,101,121,151,959,121,303,61,0,167,104,53,69,0
379,469,44,232,127,469,184,601,707,268,246,172,101,550,83,244,321,408,166,126,305,189,239,0,142,139,70,262,165,89,68,397,71,275,333,195,66,50,155,81,474,298,93,653,51,115,161,172,116,65,90,62,116,294,99,177,114,56,226,94,41,248,174,60,102,13,214,89,76,239,190,94,261,534,133,92,57,51,86,47,106,59,42,131,99,96,0,175,79,66,23,22,585,235,111,116,147,468,194,82,81,85,149,594,52,208,50,0,106,59,45,40,0
533,653,63,308,280,569,334,881,1118,421,354,242,154,907,133,324,469,500,255,219,432,342,300,0,245,361,144,316,207,177,135,515,129,371,494,333,114,90,217,164,561,378,141,857,114,180,221,265,163,166,130,79,209,458,87,228,227,89,333,162,60,375,283,134,116,21,321,193,122,361,318,114,448,688,271,125,76,57,203,40,153,96,82,267,160,216,175,0,109,163,34,21,881,332,182,154,167,536,235,125,153,128,204,885,97,278,70,0,158,120,89,90,0
158,237,41,148,122,227,160,216,418,98,149,82,62,343,64,150,154,185,120,133,189,138,164,0,109,154,60,128,103,101,61,226,79,127,176,142,49,46,95,77,160,133,65,343,53,70,115,99,78,78,53,35,99,139,58,109,111,47,117,52,50,156,97,59,60,20,78,69,49,125,122,46,131,252,120,59,53,28,114,18,68,51,36,130,67,106,79,109,0,60,25,21,244,96,75,75,86,212,98,61,61,53,83,304,69,90,31,0,57,61,43,49,0
375,453,45,210,96,470,162,593,746,272,226,178,124,558,66,236,310,390,170,100,314,200,236,0,116,158,59,256,169,84,62,346,64,277,291,189,55,66,125,59,441,243,91,613,48,110,108,155,124,61,82,50,112,281,70,137,112,43,225,83,39,206,155,47,72,14,209,89,74,199,208,59,318,553,137,99,53,29,83,39,86,89,26,151,80,114,66,163,60,0,18,15,618,213,117,101,122,395,200,60,63,85,113,589,52,181,35,0,97,52,30,49,0
102,132,9,71,43,171,75,159,167,70,82,47,32,179,33,53,72,154,137,28,107,54,50,0,39,61,25,68,54,40,17,112,19,94,109,49,16,20,48,20,98,93,33,226,19,44,49,50,46,37,29,16,58,96,28,57,47,13,147,39,20,59,59,17,29,3,55,38,21,112,67,29,84,151,36,41,20,13,46,11,53,28,11,45,30,52,23,34,25,18,0,14,160,57,51,31,35,136,80,29,24,32,43,190,26,50,16,0,44,26,21,15,0
45,59,15,33,24,110,31,70,109,33,30,41,10,93,20,51,46,62,34,31,40,38,42,0,32,53,25,39,31,26,24,59,13,52,55,33,24,13,29,17,58,48,18,111,17,14,28,35,24,22,27,21,30,43,17,40,24,25,46,26,17,47,31,10,16,11,23,14,13,36,40,20,55,59,25,23,24,12,11,4,18,13,15,29,17,24,22,21,21,15,14,0,82,47,31,23,15,72,33,4,26,21,21,81,14,27,12,0,20,11,22,7,0
1057,2260,295,1056,1195,1636,1297,1747,3674,760,1128,596,515,3267,422,1376,1436,1238,747,799,1599,1222,999,0,812,1541,622,1225,765,780,474,2069,520,1371,1587,1253,377,262,697,493,1358,1061,452,2451,354,487,628,572,526,685,400,307,738,1070,347,687,1008,275,1174,404,168,1486,659,401,428,84,544,737,359,911,1068,273,1284,2600,970,457,205,135,611,154,406,304,254,1150,469,938,585,881,244,618,160,82,0,681,460,477,546,1957,766,355,501,412,707,2807,398,745,263,0,319,478,278,403,0
379,847,101,402,434,1006,510,739,1153,236,320,236,135,1029,133,458,360,479,265,333,480,384,395,0,239,452,190,392,325,270,179,747,175,363,453,410,152,100,212,177,673,364,151,785,113,135,216,217,188,241,186,104,281,356,146,248,332,105,363,153,68,516,237,137,153,29,182,260,138,301,376,97,324,606,325,139,93,60,255,54,154,103,113,477,198,321,235,332,96,213,57,47,681,0,180,188,265,629,281,145,181,150,289,955,158,217,112,0,111,161,112,157,0
377,537,80,386,274,544,327,508,666,184,296,212,118,819,136,241,256,473,240,184,363,288,219,0,218,322,187,248,149,170,108,607,124,319,628,270,97,59,165,130,337,330,113,842,105,151,225,207,173,140,99,74,198,304,92,219,234,93,444,147,58,354,243,94,98,14,155,136,82,357,317,91,292,500,197,133,79,40,106,60,170,98,70,225,94,169,111,182,75,117,51,31,460,180,0,123,135,345,233,114,123,107,107,694,123,174,49,0,132,96,58,89,0
